geolocation: United Kingdom
lastAccountName: Benne
timestamps:
  login: 1558227871480
  lastteleport: 1558215826035
  logout: 1558233950533
ipAddress: 25.81.239.240
lastlocation:
  world: world
  x: 2186.257508376066
  y: 67.0
  z: 1537.1818857637404
  yaw: -249.60944
  pitch: 22.86483
logoutlocation:
  world: world
  x: -733.3307687734622
  y: 74.0
  z: 176.78758748164182
  yaw: 146.4187
  pitch: 31.706038
afk: false
homes:
  home:
    world: world
    x: -734.9300880620092
    y: 74.0
    z: 177.91075848686808
    yaw: 96.44678
    pitch: 27.079622
