geolocation: United Kingdom
lastAccountName: Schorn
timestamps:
  login: 1558227893005
  lastteleport: 1558231722221
  logout: 1558232950049
ipAddress: 25.64.201.106
lastlocation:
  world: world
  x: -220.0
  y: 74.0
  z: 148.0
  yaw: 0.0
  pitch: 0.0
homes:
  village:
    world: world
    x: -1315.4977397589353
    y: 69.0
    z: 204.94240039787968
    yaw: 168.59064
    pitch: 15.300134
logoutlocation:
  world: world
  x: -702.3723955415122
  y: 73.0
  z: 185.3269556403033
  yaw: -0.044067383
  pitch: 14.09995
