geolocation: United Kingdom
lastAccountName: nico2
timestamps:
  login: 1558190314228
  logout: 1558190334416
ipAddress: 25.59.160.73
lastlocation:
  world: world
  x: -215.5
  y: 69.0
  z: 154.5
  yaw: 0.0
  pitch: 0.0
logoutlocation:
  world: world
  x: -215.27397027881693
  y: 76.0
  z: 147.57260311841182
  yaw: -49.80002
  pitch: 15.599992
