lastAccountName: niryxX
timestamps:
  login: 1558227872213
  logout: 1558233918295
  lastteleport: 1558233798410
ipAddress: 25.49.151.204
logoutlocation:
  world: world
  x: -715.6725249953366
  y: 71.0625
  z: 137.40600823044906
  yaw: 269.08484
  pitch: 16.800116
lastlocation:
  world: world
  x: -716.2400701430196
  y: 71.0625
  z: 135.91533760911392
  yaw: 268.935
  pitch: 8.7001505
afk: false
nickname: Nico
homes:
  pferdewiese:
    world: world
    x: -698.2533576955865
    y: 72.0
    z: 152.6264446647441
    yaw: 137.87392
    pitch: 29.849955
  home:
    world: world
    x: -716.2309569059906
    y: 71.0625
    z: 136.98790299722717
    yaw: 268.935
    pitch: 8.7001505
