geolocation: United Kingdom
lastAccountName: Schorn
timestamps:
  login: 1558263488933
  lastteleport: 1558231722221
  logout: 1558263912379
ipAddress: 25.64.201.106
lastlocation:
  world: world
  x: -220.0
  y: 74.0
  z: 148.0
  yaw: 0.0
  pitch: 0.0
homes:
  village:
    world: world
    x: -1315.4977397589353
    y: 69.0
    z: 204.94240039787968
    yaw: 168.59064
    pitch: 15.300134
logoutlocation:
  world: world
  x: -703.6742212591503
  y: 73.0
  z: 206.42944427867943
  yaw: -118.993866
  pitch: 18.300045
